"Date" "ANTO" "ARM" "BARC" "BATS" "BG" "BLT" "BP" "BSY" "BTa" "CNA" "CRDA" "DGE" "GSK" "HSBA" "ITV" "LGEN" "LLOY" "MKS" "MRW" "NG" "OML" "PRU" "RBS" "RDSB" "RIO" "RR" "RSA" "TSCO" "ULVR" "VOD"
"2012-01-03" 1267.38 596.3 178.25 2843.12 1389.7 1773.17 429.58 690.92 187.94 271.09 1748.85 1358.58 1359.5 461.6 67.31 96.21 27.04 295.41 306.35 564.43 168.09 607.52 2101 2254.11 3116.91 0.06 94.33 381.94 2061.39 164.36
"2012-01-04" 1232.42 586.92 180.21 2829.73 1390.68 1757.16 431.77 679.74 186.9 271 1737.42 1343.36 1358.13 457.12 67.98 95.31 26.59 287.76 300.47 563.09 167.25 606.11 2076 2245.01 3132.84 0.06 94.68 376.6 2030.32 163.68
"2012-01-05" 1226.59 602.23 175.71 2800.18 1391.65 1735.81 432.32 671.36 183.97 265.34 1730.76 1346.22 1357.21 454.93 66.45 93.23 26.35 285.34 295.14 547.89 165.33 596.69 2027 2217.71 3113.16 0.06 93.54 365.83 2043.5 161.23
"2012-01-06" 1233.39 601.73 178.35 2805.26 1417.43 1734.03 435.05 662.52 185.01 262.15 1737.42 1345.74 1370.95 455.48 68.27 94.31 27.11 289.54 290.75 544.77 167.37 600.46 2051 2255.47 3106.13 0.06 94.5 363.04 1999.24 163.23
"2012-01-09" 1198.43 605.19 170.4 2779.41 1416.46 1732.69 431.91 658.33 185.39 261.05 1737.42 1347.17 1314.17 449.26 67.31 93.32 26.19 287.49 290.94 557.73 164.97 599.05 2007 2248.19 3103.78 0.06 93.72 362.63 2010.54 161.04
"2012-01-10" 1258.64 596.3 180.16 2796.49 1437.86 1791.86 437.38 667.17 188.31 262.33 1788.83 1347.17 1300.43 461.42 68.7 96.85 27.31 296.06 289.26 564.43 167.85 614.12 2113 2265.03 3213.93 0.06 95.38 362.21 2025.61 162.55
"2012-01-11" 1245.04 581 182.08 2749.39 1408.67 1806.98 433.46 659.26 190.2 258.95 1775.5 1330.99 1323.79 460.41 70.57 99.38 28.17 300.16 283.94 563.54 168.09 621.65 2179 2196.32 3270.64 0.06 95.64 357.56 1962.51 163.05
"2012-01-12" 1269.32 577.05 185.09 2760.94 1415.48 1828.33 437.29 649.48 188.5 255.94 1817.39 1331.47 1329.28 456.76 69.9 101.46 29.15 294.1 267.03 563.54 172.42 628.24 2300 2152.18 3325.48 0.06 97.92 300.4 1963.45 163.23
"2012-01-13" 1261.55 567.67 192.51 2742.47 1413.54 1819.44 434.37 645.29 192 258.22 1805.02 1322.43 1313.71 461.42 70.47 101.01 29.5 295.41 268.34 558.62 169.9 624.01 2410 2131.25 3338.14 0.06 96.25 294.22 1935.2 159.14
"2012-01-16" 1263.49 573.6 190.5 2760.94 1416.46 1850.58 435.92 636.44 195.96 258.86 1815.49 1337.65 1323.79 464.16 70.76 102.01 29.47 294.94 269.18 561.75 171.22 631.07 2442 2127.61 3364.39 0.06 96.17 290.09 1955.92 159.91
"2012-01-17" 1281.95 574.58 190.64 2740.62 1428.13 1886.61 439.52 634.58 194.26 261.42 1843.1 1332.9 1331.57 473.12 71.62 101.82 29.54 298.95 267.03 562.64 173.86 639.08 2485 2148.09 3462.81 0.06 95.47 294.87 1943.68 159.5
"2012-01-18" 1302.34 577.55 192.41 2735.54 1446.61 1901.73 439.02 642.03 192.47 260.14 1845 1333.37 1343.48 471.38 71.38 101.46 29.59 301.65 271.79 557.28 173.86 642.84 2484 2143.08 3478.28 0.06 93.63 298.12 1945.56 159.18
"2012-01-19" 1324.68 573.1 211.79 2675.52 1449.53 1920.42 439.98 620.61 191.71 258.59 1850.71 1313.87 1316.46 490.4 70.81 104.54 32.27 304.72 271.89 551.92 176.39 659.33 2706 2154.46 3494.69 0.06 94.68 303.7 1922.02 158.68
"2012-01-20" 1299.43 568.17 213.03 2698.15 1417.43 1891.06 426.3 625.27 193.98 258.5 1844.05 1325.29 1317.38 495.79 72.24 105.81 32.65 311.9 274.41 552.81 176.87 653.67 2744 2119.88 3453.91 0.06 94.68 305.55 1927.67 161
"2012-01-23" 1319.82 582.98 213.03 2722.62 1409.65 1920.86 434.74 633.18 194.64 257.68 1845.95 1320.05 1320.58 498.17 73.06 106.44 32.58 309.76 277.21 548.79 178.79 674.87 2814 2183.12 3502.19 0.06 95.29 311.13 1939.91 162.64
"2012-01-24" 1319.82 572.61 209.06 2728.62 1432.02 1894.17 435.37 635.05 197.09 262.33 1815.49 1340.03 1305.01 493.78 72.15 105.35 31.68 308.55 276.65 555.94 176.87 664.51 2705 2182.21 3468.44 0.06 95.29 306.48 1925.79 160.27
"2012-01-25" 1316.91 589.89 207.86 2713.84 1418.89 1894.17 432.77 626.2 195.77 263.24 1801.21 1349.07 1305.93 490.95 71.96 106.08 30.92 306.96 276.18 553.26 173.5 663.56 2675 2143.99 3479.22 0.06 94.15 299.84 1930.49 158.73
"2012-01-26" 1349.93 590.38 213.22 2743.85 1430.08 1956.9 434.78 625.27 196.15 266.34 1845.95 1352.4 1319.67 493.23 74.11 106.98 32.83 309.85 272.82 552.81 178.55 675.81 2767 2150.82 3649.36 0.06 94.68 299.98 1954.04 158.23
"2012-01-27" 1309.14 588.41 213.22 2727.7 1391.65 1935.1 423.65 630.39 192.09 266.62 1842.14 1342.89 1300.89 494.7 73.68 105.9 32.42 309.38 273.29 545.66 178.67 673.93 2774 2103.5 3571.56 0.06 93.54 297.89 1947.45 156.63
"2012-01-30" 1268.35 589.89 204.32 2735.54 1365.87 1913.75 418.09 619.68 191.15 265.98 1822.15 1349.07 1307.3 482.26 71.76 103.18 31.08 301.09 269.74 548.34 175.67 655.09 2676 2090.3 3560.77 0.06 92.14 297.2 1946.5 156.23
"2012-01-31" 1255.72 601.73 203.37 2693.53 1386.3 1888.83 429.4 642.5 192.09 267.71 1842.14 1333.85 1291.28 484.27 71.67 104.45 30.62 304.54 267.12 564.88 175.55 659.8 2662 2100.77 3566.87 0.06 92.75 296.82 1926.73 155.32
"2012-02-01" 1291.66 584.95 214.42 2766.94 1406.24 1934.65 440.48 635.05 194.92 271.18 1856.43 1362.39 1304.56 495.43 72.05 106.53 32.2 309.94 267.22 566.66 182.04 677.22 2774 2116.69 3667.17 0.06 94.94 298.54 1963.45 155.09
"2012-02-02" 1326.62 569.65 218.05 2759.09 1393.11 1952.89 435.83 638.77 194.36 269.72 1856.43 1360.01 1278.46 498.9 72.48 107.71 32.73 310.88 267.12 558.62 182.16 677.22 2840 2090.76 3731.38 0.06 95.99 296.27 1877.76 155.32
"2012-02-03" 1358.67 580.51 227.19 2809.88 1386.3 1963.12 441.85 651.34 202 274.56 1902.12 1389.98 1296.77 511.52 75.93 109.88 34.39 317.86 275.72 573.37 189.73 689.47 2869 2088.03 3738.42 0.06 98.62 303.37 1910.72 159.23
"2012-02-06" 1323.71 569.65 221.4 2833.89 1391.16 1957.34 446.45 641.56 203.89 274.1 1903.07 1402.35 1299.98 509.69 74.35 109.07 35.3 322.24 275.53 569.35 186.01 685.23 2879 2086.21 3699.04 0.06 98 301.65 1903.19 161.73
"2012-02-07" 1296.51 560.76 226.57 2855.58 1424.72 1939.55 443.67 651.34 203.04 276.2 1905.93 1402.35 1287.61 513.8 74.11 109.16 35.26 322.71 273.66 575.6 185.89 686.17 2888 2109.41 3627.33 0.06 98.62 306.07 1922.96 159.09
"2012-02-08" 1287.77 559.28 223.51 2846.35 1406.73 1895.06 446.64 644.36 200.77 268.72 1944.96 1390.46 1275.25 517 74.35 109.07 35.78 322.06 272.36 578.28 189.01 685.7 2909 2117.6 3631.08 0.06 98.53 305.93 1910.72 157.86
"2012-02-09" 1308.17 554.35 223.03 2859.28 1450.99 1881.72 449.97 652.74 201.53 265.98 1945.91 1396.64 1290.36 519.29 74.73 109.34 35.59 326.53 271.42 572.03 189.97 683.34 2881 2116.24 3576.24 0.06 98 301.38 1929.55 158.68
"2012-02-10" 1284.86 560.27 223.94 2870.82 1438.34 1830.56 447.14 646.22 202 263.24 1932.59 1411.39 1292.19 509.78 75.54 107.35 34.49 326.34 271.51 565.32 186.49 672.51 2791 2099.86 3535.93 0.06 96.43 297.8 1931.44 157
"2012-02-13" 1309.14 568.17 226.71 2889.75 1428.13 1852.8 452.34 651.81 203.61 265.98 1953.53 1429.94 1312.34 516 76.26 107.98 35.29 325.04 271.79 571.13 190.34 674.87 2810 2116.69 3604.83 0.06 98.18 296.64 1954.04 158.59
"2012-02-14" 1298.46 575.08 224.75 2905.91 1427.16 1843.46 451.24 650.41 202.66 266.44 1977.33 1436.12 1318.75 513.35 75.11 107.98 34.28 320.94 272.07 573.37 189.49 676.28 2665 2149 3494.22 0.06 97.48 291.76 1958.75 158.13
"2012-02-15" 1288.74 582.98 231.21 2904.06 1434.94 1827.44 449.12 642.96 201.53 266.53 1990.66 1433.27 1320.61 526.51 73.96 108.07 33.93 322.43 273.01 572.03 191.18 677.69 2699 2146 3452.5 0.06 98.53 295.34 1952.84 157.82
"2012-02-16" 1265.44 578.04 234.32 2906.83 1433.97 1814.54 449.26 642.03 200.49 266.98 1939.25 1427.09 1322 524.41 74.16 108.88 34.38 324.2 276.18 578.28 189.61 676.28 2675 2141.86 3406.1 0.06 97.48 297.47 1967.1 158.09
"2012-02-17" 1266.41 576.56 237.62 2876.36 1442.24 1799.86 450.55 638.77 202.66 268.17 1928.78 1425.66 1314.1 528.16 73.96 110.15 35.46 328.58 277.68 576.5 191.9 679.11 2760 2141.86 3395.32 0.06 99.4 295.25 1960.45 158.77
"2012-02-20" 1294.57 578.53 240.06 2874.98 1468.02 1848.35 460.04 640.63 203.51 271.45 1933.54 1425.18 1307.6 531.81 74.68 111.24 36.35 332.87 277.68 576.05 191.66 681.93 2848 2133.11 3474.06 0.06 100.19 298.64 1966.15 159.5
"2012-02-21" 1287.77 574.58 237.04 2875.44 1440.29 1850.58 458.61 642.5 203.89 269.81 2021.12 1411.39 1313.17 529.8 76.12 110.24 35.75 330.72 275.53 575.16 189.97 673.93 2821 2147.84 3467.97 0.06 99.4 299.7 1972.8 159.86
"2012-02-22" 1280.97 571.13 231.67 2892.98 1467.04 1856.8 457.92 641.1 202.95 267.8 2043.02 1427.09 1309.46 526.24 75.45 109.07 35.42 325.32 275.81 577.39 188.53 670.16 2733 2158.88 3433.29 0.06 98.44 292.92 1985.15 158.13
"2012-02-23" 1305.25 566.19 233.41 2892.98 1481.64 1858.14 456.44 640.17 203.42 270.27 2071.58 1429.46 1315.5 526.05 74.44 110.33 36.58 328.67 267.59 578.28 192.5 680.99 2872 2176.83 3459.07 0.06 93.63 292.41 1986.11 157.77
"2012-02-24" 1297.48 566.69 239.85 2887.44 1501.09 1844.35 457.23 640.63 204.36 272.46 2063.96 1421.85 1304.35 525.6 76.64 110.51 35.73 329.33 270.3 576.94 193.1 680.05 2853 2165.79 3440.79 0.06 95.2 295.52 1948.09 156.18
"2012-02-27" 1301.37 568.17 236.12 2916.99 1498.66 1858.58 462.3 637.37 205.59 271.36 2058.25 1428.04 1303.42 506.03 75.78 110.06 34.9 335.57 267.97 577.84 192.26 677.69 2794 2159.35 3470.31 0.06 95.47 295.34 1950.94 156.41
"2012-02-28" 1324.68 576.07 236.27 2927.15 1490.88 1885.72 460.08 638.31 203.79 274.47 2077.29 1434.22 1304.81 511.34 77.03 110.33 34.84 335.66 269.27 573.37 195.02 681.46 2832 2161.65 3497.03 0.06 96.08 295.71 1941.44 156.73
"2012-02-29" 1291.66 562.24 237.29 2933.61 1476.28 1842.84 453.73 623.87 202.95 277.39 2050.64 1446.34 1289.01 507.68 82.24 109.34 34.94 338.27 270.86 573.37 191.3 671.1 2792 2144.16 3412.14 0.06 95.64 293.57 1930.04 154
"2012-03-01" 1294.57 553.85 243.24 2976.09 1484.55 1851.43 457.41 628.06 205.4 278.12 2049.68 1461.25 1305.74 519.56 84.2 110.51 34.78 336.5 271.23 576.5 193.58 681.93 2775 2160.73 3422.13 0.06 96.95 297.2 1950.94 156.23
"2012-03-02" 1295.54 546.94 248.67 2962.7 1481.64 1836.51 457.5 637.84 204.46 279.39 2042.07 1447.3 1291.34 520.2 83.72 110.51 35.63 335.94 270.11 578.28 193.7 685.23 2804 2142.78 3389.29 0.06 97.13 295.57 1929.09 155.13
"2012-03-05" 1254.75 536.57 244.94 2959.47 1474.34 1782.69 464.97 635.98 203.79 283.13 2023.03 1469.43 1304.81 510.7 82.15 110.15 35.55 334.82 268.25 580.07 193.1 678.16 2738 2122.99 3257.9 0.06 97.04 294.13 1944.29 155.54
"2012-03-06" 1201.34 528.68 231.38 2947 1430.08 1749.23 451.61 636.44 199.26 279.3 2005.89 1451.15 1301.09 501.37 79.61 105.99 34.15 325.97 264.6 580.07 187.69 659.33 2617 2097.22 3195.07 0.06 94.85 288.33 1927.19 154.59
"2012-03-07" 1194.54 542.5 231.48 2968.75 1425.21 1772.74 454.05 643.89 199.64 280.67 2045.88 1453.08 1309.92 503.47 80.62 107.26 34.26 327.56 266 576.94 189.97 661.68 2616 2096.3 3208.4 0.06 94.77 289.21 1936.69 154.59
"2012-03-08" 1231.45 561.75 233.12 3004.36 1469.96 1798.52 455.61 646.22 204.08 280.58 2076.34 1465.58 1312.25 508.32 82.91 108.25 34.35 328.77 270.58 575.6 195.51 668.75 2635 2122.99 3294.08 0.06 95.38 291.72 1959.5 154.77
"2012-03-09" 1226.59 562.74 233.12 3038.08 1460.72 1830.17 455.11 648.55 206.53 283.96 2110.61 1483.38 1318.29 509.14 83.39 109.25 34.35 329.89 275.34 581.41 197.91 678.64 2620 2126.67 3340.73 0.06 95.29 295.62 1964.25 153.36
"2012-03-12" 1233.39 565.21 228.42 3062.77 1463.15 1821.13 456.77 646.69 204.46 282.77 2099.19 1493.96 1325.72 508.41 83.25 109.7 33.67 333.52 281.7 584.99 195.51 685.7 2537 2113.78 3285.04 0.06 95.64 296.27 2002.26 155.04
"2012-03-13" 1205.22 565.7 232.01 3081.76 1477.26 1851.43 459.67 653.2 205.59 286.6 2126.8 1493 1340.59 523.31 83.01 113.41 34.61 337.43 283 587.22 197.43 718.67 2576 2126.21 3363.58 0.06 96.95 297.75 2001.31 155.27
"2012-03-14" 1178.03 559.28 240.97 3074.16 1499.15 1809.37 459.85 647.62 205.78 288.7 2112.52 1479.05 1328.97 533.8 84.06 121.56 35.46 345.54 278.99 589.01 194.42 739.39 2656 2123.91 3313.12 0.06 98.7 301.7 1983.25 151.54
"2012-03-15" 1179 565.7 241.35 3078.91 1485.53 1830.63 454.05 645.75 203.7 288.06 2118.23 1471.35 1329.9 533.62 83.87 121.83 36.46 349.55 277.87 580.52 195.75 734.68 2647 2117.01 3377.39 0.06 99.84 298.82 1994.66 151.68
"2012-03-16" 1193.57 569.15 246 3071.79 1504.98 1840.58 451.65 643.43 203.51 287.33 2130.6 1466.54 1322.93 538.81 86.02 122.19 37.5 355.05 279.55 575.6 196.23 745.51 2814 2103.2 3406.9 0.06 100.98 305.09 1981.35 151.27
"2012-03-19" 1210.08 572.61 243.39 3065.14 1496.23 1852.33 452.67 642.03 205.21 285.42 2066.82 1459.33 1328.97 536.4 85.35 122.01 37.31 354.11 278.24 564.88 197.91 745.98 2917 2103.66 3441.17 0.06 100.63 307.41 1985.15 152.18
"2012-03-20" 1166.38 577.05 237.77 3036.18 1472.39 1777.26 446.08 637.37 203.89 285.23 2032.55 1455.48 1332.23 524.8 83.1 122.19 36.19 354.11 279.92 563.98 195.27 729.97 2863 2084.33 3298.37 0.06 100.63 309.04 1961.4 155.32
"2012-03-21" 1157.64 585.94 237 3066.57 1468.5 1760.98 443.73 640.17 205.4 286.33 2052.54 1467.02 1324.33 526.75 83.39 121.47 35.87 362.97 283.94 568.45 194.66 733.74 2852 2078.81 3271.23 0.06 100.8 308.62 1956.65 155.77
"2012-03-22" 1108.11 584.46 232.06 3048.52 1445.64 1719.38 439.12 645.75 207.85 286.51 2018.27 1465.58 1325.72 523.03 83.06 120.92 35.25 356.91 281.7 570.24 190.1 730.91 2790 2065.46 3174.12 0.06 99.84 308.02 1953.8 158
"2012-03-23" 1138.21 585.94 236.8 3030 1451.48 1734.3 440.04 644.82 219.09 287.15 1996.37 1452.59 1318.29 518.3 84.16 120.02 35.97 357.56 285.52 569.35 189.97 737.5 2803 2058.56 3220.3 0.06 100.45 313.63 1949.04 157.86
"2012-03-26" 1153.75 589.89 239.85 3069.89 1477.74 1743.8 444.05 646.69 217.2 291.44 2052.54 1480.97 1321.54 520.8 84.87 121.74 35.54 360.45 284.12 573.37 193.7 748.81 2775 2087.55 3203.16 0.06 100.8 314.89 1965.2 158.5
"2012-03-27" 1147.92 593.34 243.44 3039.03 1434.94 1741.99 434.33 645.29 214.84 289.43 2023.03 1472.8 1322 524.05 85.3 121.65 34.83 359.33 283.84 563.98 193.7 751.16 2867 2061.32 3224.11 0.06 101.33 314.28 1961.4 158.27
"2012-03-28" 1085.77 592.35 237.87 3020.51 1410.62 1704.91 431.33 635.1 214.84 285.87 2013.51 1468.95 1322 521.18 83.63 119.93 34.44 358.03 283.1 563.98 189.97 739.84 2861 2048.43 3156.99 0.06 98.67 312.75 1950.94 157.95
"2012-03-29" 1089.65 584.95 226.78 3023.36 1400.89 1698.12 422.86 629.44 210.87 285.96 1992.56 1457.89 1301.09 507.9 81.95 118.21 33.42 347.78 276.93 559.51 188.05 722.03 2783 2022.2 3213.63 0.06 97.11 304.72 1936.69 158.64
"2012-03-30" 1118.79 584.46 227.84 2992.02 1408.67 1725.26 426.22 637.93 213.71 288.7 2004.94 1445.38 1297.84 515.05 84.54 118.3 33.6 353.18 278.33 563.54 190.7 719.62 2764 2024.5 3280.75 0.06 96.37 306.48 1961.4 156.59
"2012-04-02" 1119.76 599.76 229.01 3067.52 1438.34 1777.26 434.42 642.65 215.78 294.72 2046.83 1488.19 1328.04 518.67 85.93 119.38 33.58 357.84 282.44 575.16 195.75 735.51 2775 2063.62 3385.48 0.06 97.48 310.2 1993.71 159.73
"2012-04-03" 1118.79 603.21 223.1 3085.09 1440.78 1749.68 427.79 637.46 215.12 293.54 2060.16 1483.38 1327.58 518.86 84.83 118.03 32.67 357.66 279.45 572.03 192.26 725.88 2689 2051.19 3361.2 0.06 96.83 308.62 1992.76 159.64
"2012-04-04" 1071.2 584.95 211.62 3016.23 1370.73 1697.67 416.55 620.94 209.65 282.77 1973.52 1458.85 1314.57 516.91 81.57 116.31 31.89 344.8 275.06 567.11 187.57 712.4 2610 2013.46 3243.15 0.06 95.36 302.72 1965.2 156.5
"2012-04-05" 1096.45 592.35 212.4 3016.71 1382.41 1724.81 420.28 599.71 209.84 285.14 1972.57 1465.58 1315.96 514.77 81.81 115.67 31.38 343.68 274.13 567.11 188.89 708.55 2582 2021.74 3294.08 0.06 96.09 301.38 1941.44 156.36
"2012-04-10" 1041.1 575.08 199.81 2969.22 1332.3 1656.52 410.37 617.17 206.34 286.15 1951.63 1445.86 1310.85 498.52 78.7 112.14 29.8 338.65 268.53 565.77 181.56 691.22 2472 1975.72 3147.47 0.06 94.71 292.78 1914.83 154.32
"2012-04-11" 1078 575.08 205.42 2971.6 1361.36 1678.23 409.36 612.45 201.25 289.06 1969.71 1450.19 1308.99 502.15 79.51 112.6 30.59 343.96 269.74 572.47 185.29 697.96 2526 2011.15 3176.5 0.06 94.34 296.27 1910.08 154.32
"2012-04-12" 1107.14 583.96 216.42 2997.71 1377.02 1724.35 409.91 624.72 207.19 287.97 2041.12 1478.57 1319.68 508.74 82.39 113.14 31.92 349.73 272.17 578.28 186.85 710.48 2596 2001.03 3319.79 0.06 95.63 302.63 1913.88 154.5
"2012-04-13" 1091.6 581 208.13 2972.07 1356.96 1708.53 407.15 610.56 204.83 286.24 2029.69 1461.73 1302.95 504.28 81.19 110.88 30.75 344.61 273.29 574.26 185.77 699.41 2505 1995.51 3280.75 0.06 94.99 299.1 1905.33 154.09
"2012-04-16" 1087.71 591.37 204.16 2977.3 1370.17 1711.69 408.16 611.03 203.61 290.89 2084.91 1484.82 1326.65 502.52 81.14 109.34 29.71 342.65 274.6 576.94 183 695.07 2427 1998.27 3275.04 0.06 93.98 298.03 1936.69 154.59
"2012-04-17" 1142.1 591.37 213.61 2991.07 1396.11 1742.44 416.96 622.36 207.38 290.16 2121.08 1510.79 1334.09 514.4 84.3 112.41 30.95 334.27 276.56 580.97 186.85 715.29 2520 2037.85 3348.83 0.06 95.73 304.9 1962.35 156.86
"2012-04-18" 1144.04 600.25 207.5 3030.95 1393.66 1757.37 410.97 630.85 204.55 289.7 2109.66 1516.57 1339.66 512.45 84.01 111.23 29.97 333.43 278.61 579.62 184.1 713.85 2443 2032.32 3370.25 0.06 94.62 298.17 1961.4 154.5
"2012-04-19" 1136.27 599.76 205.62 3061.82 1382.4 1754.65 405.49 628.02 204.17 289.61 2148.69 1528.59 1351.28 514.86 84.3 111.6 29.29 331.38 274.78 579.18 182.63 727.32 2384 2009.31 3344.07 0.06 95.63 297.24 1966.15 156.73
"2012-04-20" 1144.04 577.55 206.83 3080.81 1385.34 1781.79 400.7 636.51 205.97 294.54 2164.88 1521.86 1366.15 515.98 82.29 111.6 30.1 337.9 275.53 585.43 182.14 734.06 2402 2027.26 3376.91 0.06 96.65 298.91 1982.3 155.95
"2012-04-23" 1107.14 559.28 198.11 3051.85 1358.43 1717.12 395.95 640.76 199.08 290.71 2117.28 1497.81 1355 506.6 80.28 109.44 29.39 332.22 270.95 583.65 136.45 698.44 2313 2006.09 3214.11 0.06 93.98 296.55 1965.2 155.86
"2012-04-24" 1135.3 524.73 204.36 2998.19 1377.02 1733.85 402.31 634.15 201.72 294.27 2123.94 1503.58 1354.53 513.84 80.66 110.66 30.35 331.1 269.46 596.61 137.67 710 2330 2025.42 3251.24 0.06 94.44 302.26 1974.7 156.27
"2012-04-25" 1166.38 530.65 204.36 2990.59 1381.91 1750.58 398.35 633.21 203.89 293.14 2149.65 1514.16 1313.64 514.58 81.91 111.6 30.5 333.71 266.38 595.71 138.7 724.44 2322 2014.84 3313.12 6.73 94.99 303.87 1975.65 156.18
"2012-04-26" 1157.64 526.21 206.29 3016.71 1400.02 1763.7 409.36 629.91 203.98 292.76 2133.46 1509.83 1319.68 513.01 82.05 111.98 31.48 332.31 266.28 593.03 138.98 718.66 2358 2086.17 3305.51 6.81 94.71 300.9 2028.87 156.5
"2012-04-27" 1170.26 530.16 216.08 3025.73 1413.23 1778.17 411.29 629.91 200.96 295.13 2172.49 1514.64 1322.93 519.32 82.48 111.98 31.19 336.5 264.51 592.58 140.86 731.66 2435 2083.87 3335.5 6.83 96.46 304.78 2004.16 155.59
"2012-04-30" 1146.95 517.32 211.38 3000.09 1419.59 1785.86 410.05 639.82 198.98 290.02 2124.89 1492.04 1324.33 515.33 80.09 110.66 31.01 332.68 262.08 594.82 138.8 726.36 2427 2067.76 3267.9 6.74 96.74 304.2 1998.46 155.04
"2012-05-01" 1154.72 515.35 219.08 3039.03 1419.59 1844.19 406.64 652.08 204.74 295.13 2142.98 1510.31 1336.41 524.52 81.95 112.08 33.6 333.33 260.96 597.05 140.3 730.21 2530 2101.36 3337.4 6.98 97.29 305.98 2022.22 157.23
"2012-05-02" 1125.59 510.98 207.84 3027.63 1420.08 1824.75 399.73 661.99 201.53 292.01 2153.84 1529.55 1331.3 521.18 81.86 114.62 32.08 332.96 261.52 597.05 139.17 728.77 2477 2073.28 3274.09 6.89 97.11 304.83 2016.51 156.41
"2012-05-03" 1076.06 509.49 207.06 3067.99 1394.15 1805.3 401.48 664.35 203.79 291.63 2172.17 1553.12 1343.84 522.94 83.02 111.04 31.65 331.28 258.25 598.39 141.14 719.62 2455 2081.11 3201.73 7.03 96.83 305.02 2026.97 157.32
"2012-05-04" 1041.1 502.55 202.74 3023.83 1334.94 1734.75 388.99 662.94 202.85 289.83 2122.96 1538.21 1326.19 515.33 79.58 107.75 32.62 321.03 257.04 596.61 139.17 699.89 2447 2040.61 3060.36 6.99 95.91 305.98 1997.51 156.23
"2012-05-08" 1000.31 476.28 197.53 2953.55 1287.96 1682.75 382.41 649.72 202.47 292.1 2072.78 1490.59 1323.4 509.29 78.36 104.83 31.08 322.15 257.13 598.84 134.29 684 2346 1986.3 2958.49 6.85 96.46 310.05 1984.2 155.95
"2012-05-09" 1025.51 483.22 196.85 2962.1 1286 1685.91 376.95 645.01 205.02 294.46 2065.06 1497.81 1326.22 511.71 80.06 104.74 29.91 322.9 256.66 601.08 135.13 683.52 2346 1978.77 2977.05 6.92 95.17 307.22 1993.62 155.54
"2012-05-10" 1023.56 503.05 203.12 2936.46 1305.09 1692.7 383.01 653.03 199.64 293.14 2058.3 1476.64 1322.46 516.63 79.97 106.71 31.2 324.2 258.16 598.84 140.58 695.07 2305 1979.23 2998.47 6.87 95.36 306.89 1980.18 155.73
"2012-05-11" 1016.71 502.55 197.29 2977.3 1308.02 1685.91 387.3 654.44 197.94 299.95 2073.74 1504.06 1339.86 514.49 81.71 106.81 31.08 335.48 262.45 610.01 143.11 698.92 2296 1988.09 2991.33 6.89 95.54 310.34 2016.64 156.41
"2012-05-14" 993.25 486.99 184.64 2947.38 1262.51 1626.22 376.85 654.44 193.41 296.64 2050.58 1486.26 1335.15 506.69 80.06 103.98 29.38 327.37 260.49 601.52 138.89 688.82 2185 1949.39 2897.08 6.78 92.96 305.55 1988.82 154.27
"2012-05-15" 980.54 483.02 181.04 2958.78 1247.34 1597.28 373.59 653.03 195.68 291.53 2044.79 1493.96 1338.92 508.46 80.4 102.95 28.85 328.86 258.81 597.95 137.67 683.52 2134 1935.41 2811.87 6.79 93.05 302.91 1984.98 155
"2012-05-16" 989.34 482.73 183.91 2909.87 1242.94 1582.81 372.89 658.22 195.49 291.53 2105.59 1480.01 1337.04 501.22 79.97 103.98 28.67 325.23 261.63 594.82 137.01 674.38 2187 1937.74 2770.93 6.8 92.5 304.73 1955.24 152.68
"2012-05-17" 1003.03 473.31 176.96 2913.19 1207.22 1560.65 370.09 650.2 191.15 294.75 2079.53 1469.91 1325.28 488.74 79.48 102.67 27.65 322.9 257.78 603.31 134.38 660.42 2106 1920.95 2718.09 6.67 90.71 300.94 1948.52 150.86
"2012-05-18" 1011.83 465.88 171.31 2862.38 1218.96 1541.65 365.7 646.89 192.56 297.68 2020.67 1438.65 1320.11 478.14 76.52 102.19 25.95 314.04 260.38 595.71 130.81 640.68 2071 1906.03 2654.31 6.58 90.94 300.7 1941.81 149.41
"2012-05-21" 1006.94 473.81 175.11 2868.56 1234.13 1552.96 369.11 656.33 191.81 293.52 2068.92 1450.67 1317.28 481.7 77.15 102.48 26.42 315.16 259.61 597.95 131.09 645.01 2080 1906.97 2687.63 6.56 90.94 298.26 1943.73 150.04
"2012-05-22" 1051.91 485.5 183.77 2896.1 1245.39 1590.04 375.03 651.61 196.15 296.64 2139.36 1458.85 1331.86 490.71 77.35 105.86 27.61 320.85 257.3 598.39 135.7 666.19 2195 1945.66 2795.69 6.71 92.96 296.97 1947.57 156.41
"2012-05-23" 1008.89 478.17 175.59 2840.54 1203.3 1520.4 367.52 653.97 193.41 290.87 2091.11 1420.85 1308.82 476.17 74.63 103.32 26.51 314.88 256.63 596.61 131.94 638.76 2104 1901.37 2656.69 6.55 90.52 291.98 1925.5 154.22
"2012-05-24" 1004 490.86 180.26 2889.45 1241.96 1554.31 379.75 660.1 194.64 296.64 2104.62 1441.05 1325.75 483.02 75.21 104.36 26.91 319.82 259.99 600.63 134.48 660.42 2144 1934.94 2702.39 6.63 92.5 295.48 1944.69 156.13
"2012-05-25" 994.23 486.89 176.76 2894.2 1239.51 1540.75 380.07 659.63 194.83 295.5 2103.66 1456.44 1332.8 482.17 74.34 104.36 25.8 324.11 262.11 611.8 133.91 658.01 2087 1940.54 2660.97 6.61 92.69 296.73 1946.61 157.41
"2012-05-28" 1014.76 497.1 176.08 2896.57 1236.09 1552.51 372.93 652.56 193.79 294.18 2135.5 1455.96 1346.44 478.89 76.62 104.26 26.04 321.69 262.3 606.44 134.66 658.49 2096 1942.87 2720.47 6.67 92.69 291.89 1937.97 156.95
"2012-05-29" 1034.31 503.05 176.08 2881.38 1256.15 1584.16 379.61 657.27 194.92 293.71 2153.84 1478.09 1339.39 482.64 76.96 104.64 25.9 321.5 262.39 608.23 136.26 667.64 2062 1943.33 2781.88 6.84 92.32 288.53 1945.65 156.82
"2012-05-30" 994.23 504.04 174.57 2851.46 1197.92 1544.37 371.63 655.86 194.07 290.87 2077.6 1468.95 1325.28 472.41 75.02 103.42 25.3 319.57 264.03 603.44 132.32 647.9 2000 1920.02 2666.68 6.75 91.26 284.74 1932.22 156.27
"2012-05-31" 979.56 502.06 171.51 2904.64 1216.03 1532.61 368.46 649.25 194.73 292.39 2157.7 1488.19 1352.56 478.04 70.75 103.89 25.38 318.81 265.18 603.44 132.97 652.71 1998 1938.2 2646.69 6.73 91.03 290.02 1958.12 157.32
"2012-06-01" 968.81 493.53 168.78 2877.58 1174.92 1532.61 375.08 638.4 191.81 289.46 2102.69 1458.85 1330.92 472.13 67.4 99.75 25.72 316.59 265.27 603.44 130.25 635.39 1999 1928.41 2638.6 6.51 89.97 286.85 1931.26 157.91
"2012-06-06" 1029.42 499.08 182.7 2903.22 1214.56 1606.32 379.7 632.74 192.56 291.82 2176.03 1520.9 1341.27 494.46 69.78 105.3 27.05 318.32 265.75 605.3 137.2 658.01 211 1965.71 2760.46 6.61 92 288.72 1961 159.58
"2012-06-07" 1059.73 506.02 187.61 2932.66 1250.77 1646.12 385.9 642.65 193.88 291.44 2234.9 1517.05 1345.03 501.97 71.52 108.88 28 327.56 268.35 606.69 137.95 670.52 219.12 1982.03 2870.42 6.78 93.15 290.93 1959.08 159.58
"2012-06-08" 1036.27 500.07 185.18 2964 1239.51 1598.18 381.66 656.8 194.92 297.87 2199.19 1531.48 1358.2 498.59 70.5 109.82 28.01 322.46 270.36 614.59 138.14 670.52 223 1976.9 2731.42 6.7 93.42 290.26 1961.96 161.99
"2012-06-11" 1030.4 501.07 185.37 2954.5 1231.69 1596.37 387.12 648.78 195.68 297.77 2174.1 1528.11 1353.97 500.84 70.12 110.01 28.5 318.9 270.46 612.26 139.73 673.89 232.91 1977.37 2714.29 6.72 93.15 290.26 1955.24 161.56
"2012-06-12" 1029.42 499.58 184.59 2997.24 1239.03 1620.34 389.5 647.37 199.74 301.65 2180.86 1527.15 1365.25 505.82 69.34 108.97 29.16 313.51 269.02 610.41 140.11 675.34 222 1999.28 2741.9 6.84 92.78 291.45 1971.55 165.01
"2012-06-13" 1046.04 507.51 183.18 3019.56 1233.15 1618.98 390.66 656.33 197.38 299.09 2153.84 1540.62 1368.55 511.35 68.61 109.72 29.63 311.69 266.71 609.94 139.73 677.75 220.12 2023.53 2732.37 6.81 93.05 291.36 1998.41 165.77
"2012-06-14" 1030.4 497.6 187.51 2979.67 1199.88 1606.77 388.8 633.21 190.39 295.31 2127.78 1538.21 1372.78 511.82 69.68 112.45 29.75 310.72 266.43 612.73 140.3 683.52 222.49 2024.46 2728.57 6.8 93.42 292.6 2012.8 166.05
"2012-06-15" 1049.95 482.43 195.34 2944.53 1213.58 1628.03 395.14 624.24 189.92 291.63 2115.24 1527.15 1355.38 512.66 70.94 112.73 31.3 309.09 267.39 602.98 139.64 682.56 247.6 2040.78 2794.26 6.73 94.25 288.63 1992.66 164.07
"2012-06-18" 1048.97 486.3 190.72 2980.14 1204.77 1654.26 392.53 631.32 190.58 292.57 2129.71 1541.1 1367.13 512.95 70.12 112.36 30.16 313.61 267.77 606.69 143.11 678.71 235.3 2044.98 2820.44 6.87 93.98 291.17 2002.25 165.2
"2012-06-19" 1071.46 503.54 195.15 3031.43 1256.64 1685.46 398.31 638.87 192.28 297.77 2147.08 1530.03 1379.83 525.89 72.06 115.37 30.9 322.85 265.27 608.09 147.62 703.74 243.3 2074.82 2904.7 6.91 96.56 295.15 1990.74 168.51
"2012-06-20" 1096.88 514.94 200.16 3058.02 1258.6 1696.31 397.15 643.12 191.33 297.77 2151.91 1545.91 1377.01 530.4 74.24 116.97 31.2 325.83 262.01 609.48 148.94 714.81 247.6 2088.34 2946.59 7.01 98.12 296.82 1978.27 167.8
"2012-06-21" 1055.82 512.46 196.8 3061.82 1221.41 1645.21 384.5 640.29 190.2 293.24 2122.96 1545.91 1385.01 524.67 73.9 115.84 31.2 324.48 258.26 609.94 148.47 716.73 243.3 2061.76 2856.14 7.04 98.4 297.64 1995.53 168.13
"2012-06-22" 1022.58 501.56 195.24 3042.82 1191.56 1600.89 379.98 628.02 193.51 290.21 2095.94 1533.4 1388.77 527.58 72.93 114.33 31.39 314.38 257.69 611.34 145.27 701.33 243.2 2026.79 2839 6.9 97.38 298.69 2008.01 167.75
"2012-06-25" 1011.83 495.32 188.97 3020.03 1175.9 1561.1 375.13 619.05 189.73 291.63 2050.58 1526.67 1390.65 523.83 71.43 113.3 30.41 310.63 254.23 613.66 144.34 685.45 236.8 2011.87 2734.75 6.87 96.19 296.39 1986.9 168.69
"2012-06-26" 1010.85 479.36 187.17 3020.51 1183.73 1559.29 374.71 636.04 189.45 292.95 2106.55 1535.32 1385.95 524.86 70.89 113.39 30.09 308.8 252.5 613.19 142.08 685.45 227.7 2010.01 2751.42 6.85 95.91 296.2 1991.7 168.55
"2012-06-27" 1023.56 493.04 190.72 3062.29 1229.24 1571.05 381.15 643.12 193.88 297.3 2090.15 1567.07 1382.65 537.62 73.27 115.93 31.16 307.26 254.81 619.23 140.49 696.04 233.1 2037.52 2770.93 6.93 96.92 296.97 2021.44 171.29
"2012-06-28" 1022.58 494.62 161.1 3046.15 1234.62 1580.54 384.78 641.7 195.77 299 2102.69 1562.26 1360.08 523.74 72.59 116.31 29.94 308.32 255.48 625.26 140.67 696.04 206.4 2055.23 2773.31 6.89 96.92 298.93 2011.84 170.77
"2012-06-29" 1063.64 501.07 158.42 3078.44 1272.3 1633.45 393.69 657.27 199.55 300.51 2183.75 1579.58 1361.02 526.46 74.34 119.79 31.1 312.65 255.48 627.12 142.18 710.48 215.3 2074.82 2874.23 7.02 99.6 297.21 2056.94 169.31
"2012-07-02" 1072.44 506.52 163.82 3132.1 1294.81 1655.16 403.54 648.78 203.23 302.02 2218.49 1594.97 1384.54 534.9 75.5 120.92 31.49 315.44 256.34 632.22 144.62 723.47 219 2088.34 2913.74 7.11 100.06 301.66 2067.49 169.45
"2012-07-03" 1113.5 512.46 162.51 3172.93 1318.3 1691.34 403.91 650.2 201.91 300.32 2251.3 1590.16 1382.18 535.09 74.09 121.86 31.81 318.42 259.8 630.83 146.4 723.47 216.5 2116.31 3005.61 7.19 101.07 306.5 2094.35 169.59
"2012-07-04" 1105.68 507.51 161.49 3187.18 1310.96 1687.27 401.72 649.25 202.57 300.23 2274.46 1591.6 1385.95 532.56 74.24 120.83 31.66 316.69 257.69 633.62 145.27 713.37 214.5 2116.78 2991.81 7.21 100.52 302.86 2091.47 170.49
"2012-07-05" 1108.61 516.43 163.63 3182.9 1307.53 1697.22 405.12 648.78 201.15 298.06 2255.16 1592.08 1394.88 531.43 73.8 119.98 30.82 316.69 258.65 634.55 146.12 714.33 207.2 2121.44 3004.66 7.22 99.5 304.2 2079 172.33
"2012-07-06" 1084.17 504.53 160.27 3189.08 1292.85 1666.47 399.53 652.56 203.13 301.55 2225.25 1606.99 1405.23 530.68 72.59 119.23 30.3 305.91 258.94 636.4 145.18 702.78 201.5 2118.64 2921.83 7.17 99.6 303.96 2076.12 170.82
"2012-07-09" 1070.48 491.55 158.96 3176.73 1279.64 1648.83 395.56 646.42 203.98 301.36 2193.4 1585.83 1407.11 526.46 70.7 118.57 30.19 308.8 256.15 634.08 144.34 702.29 205.7 2087.87 2888.03 7.24 99.69 304.25 2062.69 171.24
"2012-07-10" 1059.73 476.28 162.46 3210.45 1272.3 1651.54 399.81 648.78 205.12 304.01 2209.81 1604.59 1367.6 531.34 70.75 121.11 30.74 315.34 258.65 634.08 146.97 725.4 208.2 2111.18 2893.75 7.28 100.06 306.7 2069.41 171.58
"2012-07-11" 1058.75 483.72 160.17 3190.5 1277.19 1637.98 403.58 645.48 206.82 301.17 2174.1 1604.11 1377.95 533.59 69.73 120.92 30.44 306.11 258.26 641.51 144.34 719.14 207.9 2131.7 2887.56 7.1 100.06 306.74 2045.42 173.84
"2012-07-12" 1016.71 482.23 159.06 3174.36 1256.64 1583.71 405.96 649.25 202.66 301.55 2171.21 1601.7 1350.2 521.58 70.12 119.51 30.17 300.33 255.86 639.65 144.15 711.44 204.9 2131.23 2785.69 7.05 99.69 301.95 2040.63 171.81
"2012-07-13" 1047.02 486.39 157.74 3207.6 1272.3 1633 408.76 654.91 209.84 305.9 2192.44 1615.17 1360.08 525.43 72.74 121.77 30.2 304.38 258.55 643.37 146.68 727.81 206.4 2137.76 2875.18 7.17 100.61 300.75 2055.02 172.71
"2012-07-16" 1045.06 483.42 153.41 3208.07 1264.47 1623.51 411.94 649.72 209.46 308.17 2186.65 1608.44 1365.72 522.42 72.78 122.24 29.9 308.51 260.38 633.62 148.66 733.58 204.5 2144.75 2842.81 7.12 100.89 303.87 2056.94 173.13
"2012-07-17" 1020.62 464.89 154.68 3183.85 1262.51 1612.65 414.27 655.86 208.42 303.54 2178.93 1619.98 1361.96 513.6 71.81 121.49 29.86 306.2 259.99 614.59 146.87 724.92 201.5 2135.89 2776.65 6.98 99.78 303.87 2064.61 172.57
"2012-07-18" 1048 473.91 155.8 3233.24 1289.43 1645.21 415.11 656.8 213.14 304.48 2201.12 1625.75 1385.48 512.01 72.44 122.43 29.77 312.74 262.49 622.48 149.59 735.51 204.3 2145.22 2789.02 7.04 100.33 308.85 2089.56 174.93
"2012-07-19" 1063.64 487.29 159.79 3246.06 1262.51 1668.73 414.45 654.44 216.63 304.39 2219.46 1630.56 1397.23 515.48 73.61 123.27 30.24 316.4 263.35 618.3 152.88 741.28 212.3 2142.89 2837.1 7.1 102.82 311.49 2102.99 172.9
"2012-07-20" 1040.18 490.06 154.92 3201.42 1262.02 1642.95 410.4 658.22 211.82 300.13 2207.88 1629.6 1386.89 500.28 73.08 121.11 29.94 312.74 263.74 607.16 150.06 731.66 204.7 2144.29 2752.84 7.03 101.9 311.54 2092.43 170.02
"2012-07-23" 1004 477.08 148.4 3143.49 1226.3 1596.82 401.72 644.06 207.29 298.34 2150.94 1598.82 1375.13 482.83 69.87 117.91 29.29 309.86 263.07 598.8 144.15 705.18 197.9 2110.72 2688.1 6.84 99.5 305.31 2067.49 169.26
"2012-07-24" 1021.6 480.55 146.51 3141.59 1209.66 1603.61 399.2 639.34 205.21 294.84 2281.21 1593.04 1359.61 479.08 68.32 116.97 28.76 306.88 260.18 595.09 142.65 705.66 196.6 2096.73 2657.16 6.89 98.86 302.48 2072.29 167.61
"2012-07-25" 1033.33 521.88 146.46 3115.48 1194.01 1611.75 399.76 646.42 198.41 293.9 2275.42 1596.89 1341.74 485.64 69.29 116.03 29.29 305.05 258.26 602.05 143.3 706.63 203.4 2112.12 2630.98 6.79 101.07 300.99 2053.1 167.94
"2012-07-26" 1037.24 539.23 149.42 3164.86 1219.45 1646.12 403.72 666.71 205.12 297.49 2300.51 1636.33 1348.79 493.24 73.61 119.04 29.14 311.21 264.89 609.94 147.72 719.62 207.9 2058.96 2688.1 7.24 101.07 303.34 2164.39 169.73
"2012-07-27" 1046.04 543.19 162.46 3187.65 1226.79 1673.25 409.32 674.73 205.97 300.51 2299.55 1644.51 1357.26 498.31 75.89 119.6 30.2 319.86 266.81 614.12 148.75 740.32 214.5 2068.75 2753.32 7.17 102.82 307.7 2168.23 171.34
"2012-07-30" 1062.66 549.14 165.91 3224.22 1250.28 1700.38 414.69 674.73 206.63 303.16 2291.83 1666.15 1377.95 509.57 74.53 121.58 31.09 324.29 266.43 620.62 150.53 748.99 222.2 2096.73 2796.16 7.18 102.36 305.16 2181.66 172.38
"2012-07-31" 1048 546.66 163.43 3226.59 1235.11 1690.44 396.59 672.37 205.12 299.57 2267.7 1642.11 1381.24 500.94 73.27 119.98 30.35 321.02 266.23 615.05 148.09 734.54 213.7 2097.66 2805.21 6.96 100.33 304.92 2197.97 172.47
"2012-08-01" 1073.41 558.56 163.73 3266.95 1244.11 1711.69 399.39 683.7 206.53 302.02 2291.83 1671.45 1398.64 507.22 74.97 121.77 30.7 322.75 266.81 617.83 151.94 744.65 215.4 2120.97 2859.95 7.07 101.35 305.45 2216.19 178.23
"2012-08-02" 1017.69 553.6 157.89 3292.59 1231.31 1680.03 400.51 682.75 201.25 301.36 2264.81 1652.21 1398.64 505.44 73.85 119.13 29.39 321.31 263.93 621.55 149.5 718.18 204.5 2115.85 2770.46 6.9 101.25 301.14 2193.17 177.53
"2012-08-03" 1064.62 565 166.69 3312.54 1240.66 1734.75 408.62 701.15 204.17 305.71 2324.64 1642.59 1408.99 525.89 76.47 122.33 30.61 328.14 265.95 628.98 155.23 761.98 216 2166.2 2884.7 7.01 102.64 305.79 2239.22 179.6
"2012-08-06" 1082.21 567.97 172.38 3301.62 1263.31 1752.84 411.47 697.85 207.48 302.97 2306.3 1634.41 1415.57 525.71 77.3 123.74 31.36 334.49 268.54 630.37 155.79 759.09 228.8 2167.6 2958.96 7.01 102.73 308.95 2220.99 179.79
"2012-08-07" 1094.92 572.93 174.96 3290.7 1303.68 1772.74 423.41 699.74 211.82 308.83 2305.34 1651.24 1416.99 526.08 78.75 123.84 31.67 336.12 268.92 635.94 159.45 762.94 227.5 2206.77 2980.38 6.96 103.56 312.16 2209.48 179.7
"2012-08-08" 1100.79 569.96 175.06 3273.6 1304.67 1787.21 425.46 701.15 214.72 311.19 2365.17 1646.91 1434.11 528.52 78.85 123.84 31.56 335.54 270.17 641.04 159.08 774.5 228.9 2208.26 3065.59 6.97 103.93 313.5 2203.6 180.64
"2012-08-09" 1103.72 575.9 175.06 3290.7 1291.87 1796.26 423.52 709.65 209.49 306.18 2379.64 1649.8 1422.22 531.05 80.74 123.18 31.6 337.28 272.09 639.19 158.8 774.02 226 2220.05 3063.69 6.95 104.29 314.94 2220.04 179.37
"2012-08-10" 1107.63 568.96 179.41 3298.29 1297.28 1801.23 423.24 705.4 211.92 303.82 2375.78 1641.62 1416.03 531.81 81.03 123.56 31.38 337.28 271.32 638.72 157.58 779.79 222.8 2204.48 3056.07 6.97 104.48 313.79 2207.47 179.89
"2012-08-13" 1091.99 565.49 179.07 3271.7 1300.24 1790.38 421.59 707.76 211.53 301.74 2332.36 1633.45 1409.85 530.77 80.6 123.84 31.64 336.7 272.86 642.9 156.92 774.98 222.4 2200.71 3049.88 6.96 104.85 315.47 2212.3 179.65
"2012-08-14" 1088.08 568.96 181.71 3272.18 1308.11 1792.19 425.41 712.48 211.24 305.14 2359.38 1645.47 1412.23 533.87 82.15 124.5 31.88 342.47 276.31 649.4 158.89 793.27 223.5 2208.26 3037.03 7.04 105.49 321.12 2205.53 180.03
"2012-08-15" 1067.55 578.88 179.12 3249.77 1300.73 1751.49 424.56 713.89 210.85 307.79 2359.38 1643.07 1411.75 532.69 82.68 124.03 31.95 340.83 273.91 646.61 159.92 792.31 221.6 2212.97 2935.04 7.04 105.31 318.82 2199.73 178.28
"2012-08-16" 1071.46 570.45 182.15 3216.12 1297.28 1777.26 425.74 722.86 210.27 310.91 2348.76 1635.37 1412.23 535.15 83.07 123.93 32.99 346.32 273.53 648.94 160.58 782.68 227.3 2207.78 2947.6 7.04 104.57 324.29 2193.92 175.26
"2012-08-17" 1080.26 577.39 188.66 3196.89 1303.68 1773.19 428.66 729.47 212.4 311.95 2348.76 1622.38 1400.34 540.08 83.31 124.5 34.22 350.55 274.78 653.11 160.49 787.49 231.6 2213.92 2936 7.08 105.03 325.92 2192.96 175.64
"2012-08-20" 1080.26 578.88 186.75 3196.89 1290.39 1764.15 426.45 726.63 211.53 311 2340.08 1622.87 1399.39 533.54 82.2 124.21 34.43 349.3 273.63 650.33 160.77 777.87 231.7 2206.84 2898.33 6.95 104.29 324.91 2199.73 176.39
"2012-08-21" 1115.45 583.34 192.77 3216.6 1291.87 1790.83 425.17 728.99 212.3 308.07 2343.94 1619.98 1394.15 538.09 83.17 125.81 34.81 350.94 270.36 647.54 161.8 783.16 237.5 2206.37 2958.71 6.98 105.31 325.29 2202.63 176.25
"2012-08-22" 1094.92 574.91 189.93 3138.72 1277.59 1760.98 421.73 713.42 208.72 308.07 2283.14 1616.61 1372.27 530.04 81.18 124.12 34.59 346.51 267.87 643.83 158.7 768.96 235.6 2173.83 2878.52 6.87 104.57 325.15 2176.51 173.65
"2012-08-23" 1126.21 574.91 186.85 3184.39 1278.08 1773.19 420.27 717.67 209.98 305.43 2284.11 1633.45 1380.36 529.75 80.84 123.18 34.04 342.95 265.08 636.87 159.08 764.58 227.9 2172.88 2856.78 6.83 104.48 324 2173.61 173.89
"2012-08-24" 1109.59 573.92 183.13 3163.24 1273.65 1748.32 419.42 723.33 208.43 309.4 2287 1648.36 1389.87 527.76 81.08 122.9 33.98 357.57 266.52 641.04 157.95 765.55 222.9 2178.54 2811.38 6.8 104.57 324.96 2198.76 174.5
"2012-08-28" 1106.65 570.95 184.84 3181.03 1275.13 1747.87 419.14 720.97 212.59 309.58 2292.79 1649.8 1379.41 529.09 81.91 122.9 34.05 349.01 266.14 639.65 156.45 763.12 223.9 2174.3 2765 6.79 104.57 326.92 2203.6 174.74
"2012-08-29" 1097.86 571.94 182.3 3159.88 1278.57 1722.09 416.97 720.03 212.98 311.38 2315 1658.46 1372.27 524.63 81.95 122.95 33.49 345.93 265.75 640.12 156.17 762.15 222.1 2160.15 2679.5 6.74 104.66 323.33 2191.99 173.89
"2012-08-30" 1069.5 566.98 179.51 3196.89 1273.65 1666.02 417.06 717.2 211.62 313.27 2297.43 1676.26 1369.9 519.14 81.81 122.57 33.24 344.78 269.79 643.37 155.04 762.64 223 2156.37 2623.47 6.72 104.66 325.48 2191.02 172.94
"2012-08-31" 1082.21 568.96 179.27 3174.3 1268.23 1660.59 416.4 718.14 210.75 308.73 2299.38 1659.42 1355.63 518.38 80.84 122.29 33.31 344.2 268.83 634.55 156.26 765.55 226.3 2142.7 2642.79 6.72 105.03 322.66 2190.06 171.43
"2012-09-03" 1102.74 554.59 180.29 3205.07 1279.56 1731.53 418.62 724.27 215.5 310.81 2317.93 1684.43 1367.04 522.08 81.42 123.15 33.4 343.91 267.1 638.26 157.11 764.58 226.5 2166.75 2700.76 6.84 104.94 325.39 2209.4 173.04
"2012-09-04" 1072.44 523.37 177.31 3144.49 1251.5 1705.39 411.92 707.76 214.34 310.25 2306.21 1687.32 1344.69 516.01 79.58 122.29 32.89 339.3 267.96 637.33 156.64 749.02 220.7 2133.74 2629.75 6.67 104.29 324.77 2189.09 168.55
"2012-09-05" 1071.46 528.01 177.99 3084.4 1202.26 1693.21 399.89 717.2 215.4 311.19 2370.63 1711.16 1352.77 512.6 82.39 123.81 33.93 341.32 269.5 641.04 158.14 762.15 222.9 2128.08 2625.88 6.78 104.02 326.68 2196.83 166.71
"2012-09-06" 1131.09 543.92 188.85 3112.28 1240.66 1754.62 407.06 726.16 218.69 316.77 2394.05 1723.86 1367.52 525.96 84.43 128.02 36.2 346.99 281.02 649.4 161.43 791.33 233.5 2166.75 2749.54 6.83 105.31 335.41 2235.52 169.07
"2012-09-07" 1198.55 543.92 201.91 3051.23 1250.02 1814.6 410.13 725.22 220.83 316.86 2399.91 1662.8 1340.4 533.92 85.4 127.92 37.01 347.47 280.35 642.9 161.43 794.74 244.5 2164.86 2918.61 6.77 105.86 332.67 2200.7 167.28
"2012-09-10" 1221.03 545.91 203.23 3004.12 1260.36 1818.41 413.05 728.52 221.6 314.21 2370.63 1656.45 1346.59 534.11 86.08 128.5 37.02 357 279.48 632.22 162.08 791.33 253 2166.28 2964.99 6.78 106.6 329.32 2171.68 166.81
"2012-09-11" 1198.55 548.89 208.86 3059.4 1251 1826.97 417.96 715.31 219.37 312.89 2357.94 1659.87 1355.63 534.96 84.43 127.73 37.06 358.34 278.33 629.44 163.12 793.76 264.7 2169.11 2965.95 6.8 107.61 327.5 2180.38 166.85
"2012-09-12" 1218.42 551.88 212.28 3007 1220.48 1819.36 416.07 704.93 227.8 311.38 2371.6 1633.98 1352.3 539.23 84.96 128.4 38.51 360.46 278.62 629.9 163.4 800.09 274.7 2162.03 2972.72 6.78 108.35 327.07 2162 164.35
"2012-09-13" 1214.49 558.84 213.21 3059.4 1243.62 1840.78 419.7 702.1 229.35 313.74 2365.75 1650.58 1369.42 538.28 84.14 128.97 38.89 355.65 280.25 636.4 163.77 811.27 273.9 2185.62 2974.17 6.99 108.63 327.93 2165.87 167.51
"2012-09-14" 1309.73 578.72 224.07 3038.73 1281.03 1950.74 424.75 679.45 225.67 314.03 2365.75 1644.23 1348.49 553.72 84.67 131.65 40.01 358.34 282.17 635.47 165.75 830.73 279 2195.05 3170.29 7.24 111.94 331.57 2171.68 166.1
"2012-09-17" 1284.2 581.21 223.04 3032.48 1271.19 1928.37 425.98 684.17 221.02 314.21 2354.04 1644.72 1362.76 552.59 84.91 131.84 39.85 357.48 281.59 630.37 164.34 818.08 274.4 2187.97 3107.01 7.15 111.02 331.33 2193.92 164.02
"2012-09-18" 1265.55 585.19 220.5 3118.05 1245.59 1900.76 414.13 684.64 219.95 315.35 2351.11 1678.43 1372.75 547.56 85.45 129.36 38.85 351.32 281.59 636.4 163.49 799.11 267.1 2170.05 3085.27 7.06 110.28 329.7 2205.53 165.67
"2012-09-19" 1264.56 581.71 220.25 3117.57 1251.99 1904.09 418.66 686.06 220.53 317.05 2356.96 1668.66 1372.75 556.94 86.86 128.59 39.5 353.73 281.5 640.12 163.49 799.6 268.4 2176.66 3054.35 7.03 110.28 329.22 2227.78 164.77
"2012-09-20" 1241.98 575.74 217.22 3114.21 1240.66 1860.77 419.18 692.66 221.21 317.52 2368.68 1680.38 1360.38 556.19 88.46 128.3 39.32 357.28 282.94 644.29 163.3 799.11 268.5 2131.85 2972.72 7.01 110.01 325.68 2221.01 165.29
"2012-09-21" 1252.78 575.24 218.89 3099.78 1226.88 1863.15 416.07 691.72 224.7 318.66 2371.6 1682.82 1367.04 553.53 87.29 129.26 40.17 357.48 282.17 637.33 163.12 803.49 275.8 2132.32 2937.94 7.03 109.82 325.92 2217.14 168.55
"2012-09-24" 1237.07 569.28 215.46 3079.59 1234.26 1855.06 417.96 696.91 226.15 319.7 2357.94 1684.29 1371.8 554.29 85.5 128.69 40.08 355.46 282.36 638.26 162.55 800.57 271.5 2128.55 2879 6.97 109.64 323.66 2214.24 168.13
"2012-09-25" 1229.22 581.71 218.35 3079.59 1243.62 1860.3 420.79 709.18 227.61 322.53 2371.6 1713.6 1385.59 553.15 86.22 129.83 40.62 356.32 284.57 643.83 165.18 802.52 270 2142.7 2840.36 6.96 109.36 328.7 2214.24 168.93
"2012-09-26" 1210.56 562.81 209 3081.52 1232.29 1816.5 413.57 705.4 223.63 315.65 2350.13 1704.81 1374.18 543.58 84.43 126.78 38.9 348.24 281.65 641.97 162.55 786.47 255.1 2111.57 2744.71 6.86 107.28 325.87 2197.79 167.56
"2012-09-27" 1223.33 567.79 212.53 3081.52 1230.82 1839.35 415.69 708.7 224.31 317.19 2347.2 1703.83 1366.57 549.08 85.16 126.01 39.22 346.8 279.32 643.37 161.43 785.01 256.6 2098.36 2786.26 6.92 106.24 321.65 2197.79 167.09
"2012-09-28" 1239.04 571.76 210.18 3057 1230.82 1832.69 411.82 701.63 223.44 314.02 2366.72 1699.43 1358 543.21 85.79 126.01 38.83 343.24 277.08 634.08 159.55 779.66 257 2073.36 2787.22 6.9 104.82 318.25 2178.45 166
"2012-10-01" 1263.58 582.7 217.52 3093.05 1259.37 1879.81 413.76 709.18 224.8 315.46 2440.9 1731.18 1373.22 556.66 87.29 128.21 39.97 344.3 275.82 646.15 163.96 798.14 266.4 2096.47 2838.43 7.06 105.86 317.29 2199.73 166.57
"2012-10-02" 1267.51 573.75 215.95 3124.3 1280.05 1851.25 413.57 710.59 225.09 314.02 2388.2 1719.95 1377.51 550.03 87.92 128.5 39.03 346.8 278.44 645.22 163.77 797.66 257.5 2095.06 2816.21 7.07 106.43 322.75 2195.86 166.24
"2012-10-03" 1270.45 585.69 215.46 3143.05 1288.91 1849.82 414.23 717.2 225.28 319.96 2351.11 1739 1379.88 556.85 88.51 128.3 38.79 348.05 276.69 650.79 165.75 801.55 258.1 2098.36 2835.05 7.11 107.1 314.36 2215.21 167.66
"2012-10-04" 1267.51 586.18 217.71 3172.86 1294.82 1820.79 409.65 718.14 224.31 317.57 2322.81 1754.14 1391.78 561.68 89.23 128.4 38.03 351.61 272.42 648.01 166.31 811.76 259.8 2075.25 2823.94 7.11 107.19 304.97 2223.91 168.13
"2012-10-05" 1297.94 595.13 222.9 3181.99 1280.54 1836.97 412.06 723.33 226.64 319.96 2306.21 1755.61 1393.68 568.31 89.82 129.93 37.81 357.67 270.28 648.94 161.9 827.81 263.5 2093.17 2885.77 7.22 107.66 302.29 2244.23 170.63
"2012-10-08" 1291.07 591.65 217.52 3160.84 1287.93 1830.78 412.3 720.5 219.76 319.48 2234.97 1752.68 1385.12 564.52 89.09 128.3 37.04 355.46 275.82 647.54 159.17 817.11 258 2096.47 2883.35 7.19 107.28 304.2 2251 170.35
"2012-10-09" 1291.07 592.15 216.73 3094.02 1286.94 1842.68 412.86 712.95 214.72 317.86 2218.38 1739.49 1375.13 559.98 88.26 126.87 37.01 366.81 270.96 642.44 159.17 814.68 257.3 2088.46 2927.31 7.16 106.62 301.42 2235.52 169.4
"2012-10-10" 1267.51 575.24 217.17 3069.98 1282.51 1828.4 411.4 707.29 212.5 317.95 2167.63 1720.44 1366.09 558.65 87.29 125.53 38.48 360.17 266.2 641.04 158.52 805.44 262.7 2083.27 2899.29 7.13 107.1 302.77 2225.85 168.17
"2012-10-11" 1290.09 575.74 227.59 3086.32 1313.04 1856.96 413.95 708.7 213.95 320.54 2266.2 1729.23 1358 565.85 88.21 127.16 39.25 363.54 261.83 639.65 160.49 821.49 273.8 2086.57 2967.4 7.24 107.76 304.52 2228.75 168.46
"2012-10-12" 1243.95 575.24 227.15 3088.25 1307.62 1842.21 407.06 705.4 211.82 319.68 2206.67 1725.32 1354.67 564.05 86.9 126.49 39.7 365.75 260.08 641.51 159.55 825.38 270.9 2069.59 2919.58 7.17 107.66 301.6 2228.75 165.11
"2012-10-15" 1234.13 574.25 231.7 3102.19 1300.73 1834.11 405.27 707.76 210.17 318.72 2220.33 1731.18 1367.04 568.79 88.21 128.02 40.32 370.46 259.88 644.76 160.77 823.43 268.1 2069.59 2872.72 7.16 108.14 301.6 2250.03 163.69
"2012-10-16" 1255.73 592.65 240.75 3112.28 1305.16 1855.54 410.74 712.01 212.98 322.36 2231.06 1741.44 1370.37 578.93 89.62 130.22 42.76 374.7 259.59 652.18 164.9 846.29 280 2091.76 2957.26 7.21 109.09 299.56 2265.51 163.4
"2012-10-17" 1281.25 596.13 239.09 3106.03 1323.38 1917.42 423 707.29 215.01 318.05 2262.3 1727.76 1358.48 580.54 89.62 130.69 42.14 374.02 261.44 650.33 165.37 838.51 286.1 2105.91 3076.09 7.17 109.94 307.73 2269.38 165.06
"2012-10-18" 1302.85 589.17 235.47 3084.4 1324.85 1949.79 426.49 692.19 216.37 318.53 2269.13 1716.04 1348.02 584.52 88.99 131.27 41.87 375.56 263.67 654.51 166.87 839.48 287 2077.14 3149.51 7.14 110.23 311.86 2244.23 166.99
"2012-10-19" 1279.29 587.67 228.77 3067.58 1329.78 1936.46 424.94 688.42 212.01 317.09 2269.13 1727.76 1351.34 583 86.9 130.6 40.49 378.16 261.92 656.36 166.78 837.54 281 2077.61 3092.03 7.1 109.66 310.5 2248.1 167.66
"2012-10-22" 1285.18 591.15 230.28 3092.09 1321.9 1932.18 418.38 683.22 212.5 312.3 2258.39 1731.18 1346.11 585.56 86.42 129.55 40.81 375.37 262.12 654.97 166.12 835.11 281.5 2077.61 3085.75 7.11 109.56 306.51 2233.59 167.23
"2012-10-23" 1241.98 636.4 227.59 3042.1 1291.37 1886.48 408.76 679.92 209.4 311.63 2205.69 1706.27 1332.79 586.04 84.19 127.83 40.29 373.35 259.69 652.18 162.27 820.51 277.7 2049.31 3025.85 6.99 107.95 305.05 2188.12 165.29
"2012-10-24" 1256.71 671.7 224.9 3032.48 1297.28 1897.43 410.41 694.11 210.46 308.18 2233.99 1718.97 1339.45 588.65 83.85 127.25 40.44 374.89 259.4 651.26 162.03 819.54 279 2065.35 3018.61 7.01 107.66 302.13 2191.02 162.89
"2012-10-25" 1244.93 661.26 227.79 3034.4 1286.94 1899.33 406.73 695.08 210.37 309.71 2234.97 1733.14 1338.03 592.51 84.19 128.5 40.69 377.2 262.51 650.33 163.74 829.76 278.3 2042.24 2994.94 7.01 106.62 306.37 2234.55 161.19
"2012-10-26" 1245.91 652.81 227.44 3013.25 1303.68 1886.48 407.2 693.15 210.27 310.48 2213.5 1728.25 1341.36 589.04 83.51 127.92 40.47 379.31 263.67 651.26 164.31 814.19 277.7 2051.2 3005.08 6.99 106.53 308.85 2226.81 160.29
"2012-10-29" 1226.27 661.75 226.03 3005.56 1295.31 1880.29 400.97 691.22 207.17 309.52 2199.83 1739 1342.31 589.52 83.12 126.58 40.46 379.99 261.73 657.29 161.75 811.76 276.2 2054.97 2975.61 7.03 105.48 308.46 2236.49 160.15
"2012-10-30" 1242.96 671.7 233.61 2992.58 1309.1 1913.61 417.81 687.84 208.82 310.67 2210.57 1739 1350.87 590.2 83.22 127.35 41.1 380.08 261.44 652.18 163.08 824.89 280.8 2078.55 3036 7.04 106.53 310.16 2250.03 161.56
"2012-10-31" 1234.13 661.26 222.55 2951.24 1129.89 1890.29 418.24 684.46 205.81 310.48 2148.11 1730.21 1319 587.49 84.78 128.02 40.58 378.83 260.27 655.9 163.17 825.38 276 2066.29 2999.28 6.99 106.53 311.18 2235.52 158.92
"2012-11-01" 1278.31 690.09 234.05 2956.04 1085.09 1912.66 419.37 732.73 219.86 313.07 2119.8 1763.42 1319.95 603.13 86.5 133.75 43.94 380.76 259.88 660.08 164.22 829.76 287.2 2114.4 3058.22 7.18 107.76 312.2 2250.03 160.57
"2012-11-02" 1291.07 692.08 235.91 2978.16 1074.75 1925.03 420.03 731.76 220.34 311.92 2112 1763.42 1295.22 604.19 87.67 134.23 43.42 376.52 256.29 656.83 164.03 835.11 281.3 2119.11 3105.07 7.21 107 315.95 2265.51 158.87
"2012-11-05" 1275.36 691.09 232.34 3007.48 1071.8 1896 416.26 725.49 219.18 312.4 2122.73 1750.23 1316.62 596.37 85.57 134.04 42.85 373.16 258.14 654.97 162.79 832.67 276.5 2108.27 3038.41 7.15 106.43 317.6 2258.74 158.16
"2012-11-06" 1279.29 705.51 237.28 3029.6 1080.17 1903.14 419.09 724.04 222.57 312.2 2166.65 1765.87 1331.37 599.94 87.33 137.76 44.9 383.55 259.69 658.22 165.07 844.83 280.2 2112.98 3077.06 7.19 106.91 317.94 2276.15 159.63
"2012-11-07" 1249.84 701.03 231.68 3013.73 1038.32 1862.68 413.63 721.63 216.76 308.28 2128.59 1750.23 1312.82 586.53 85.42 135.85 44.48 369.89 259.88 652.18 160.14 827.32 272.6 2088.46 3009.91 7.07 107.28 313.57 2249.58 158.4
"2012-11-08" 1241.98 705.51 232.41 3051.71 1027.98 1859.34 411.1 723.56 217.53 308.08 2156.89 1747.79 1303.78 581.8 84.05 136.33 44 368.93 256 649.86 159.95 829.76 274.4 2077.14 2979.96 7.05 106.62 313.47 2256.41 158.3
"2012-11-09" 1234.13 708.49 226.08 3075.75 1040.78 1856.96 410.1 726.94 217.24 306.84 2216.42 1761.47 1302.35 579.87 84.05 135.28 43.61 367.67 256.97 639.65 159.47 823.43 270.1 2079.5 2993.97 7.18 106.81 316 2257.39 158.3
"2012-11-12" 1234.13 711.47 230.79 3084.88 1024.53 1856.96 408.28 727.42 217.82 306.17 2201.79 1758.54 1292.36 582.67 85.03 135.18 45.13 369.98 256.97 637.79 159.76 825.87 274.5 2080.91 2976.58 7.13 106.91 315.95 2263.24 157.36
"2012-11-13" 1226.27 715.95 233.1 3095.94 1026.99 1859.82 409.71 736.59 220.73 297.74 2226.18 1777.1 1290.46 587.3 92.67 136.42 46.52 370.56 255.61 642.44 160.99 841.92 277.6 2100.25 2984.79 7.17 106.53 312.3 2283.73 153.49
"2012-11-14" 1220.38 718.93 233.45 3051.71 998.93 1820.79 406.8 727.42 217.92 304.92 2222.28 1769.77 1278.41 581.9 92.77 136.14 46.36 369.97 252.31 644.29 160.9 847.27 277.7 2066.22 2922.48 7.13 106.15 312.64 2278.85 151.98
"2012-11-15" 1206.64 711.47 235.02 3019.98 1001.89 1806.98 406.47 720.18 218.11 303.2 2223.26 1758.54 1277.93 580.26 91.2 135.09 45.7 362.35 251.53 641.51 158.05 828.78 282.2 2045.69 2898.33 6.97 105.86 307.73 2254.46 150.32
"2012-11-16" 1177.18 707 230.06 3008.44 985.15 1783.18 398.06 719.21 212.11 300.33 2236.92 1752.19 1270.21 574.95 90.12 133.37 43.97 358.24 248.91 638.72 157.58 816.62 277.4 2003.2 2835.05 6.91 103.96 306.46 2233.98 149.05
"2012-11-19" 1203.69 742.8 245.33 3091.61 1004.35 1848.87 412.39 727.42 216.85 304.25 2249.61 1790.29 1289.01 596.66 92.08 136.81 45.15 364.3 250.17 648.94 162.22 846.78 287.3 2039.01 2922.48 7.1 106.43 309.38 2276.9 151.6
"2012-11-20" 1231.18 722.41 242.14 3076.71 1015.18 1844.11 413.01 723.56 216.76 303.77 2271.08 1805.92 1286.6 592.99 92.77 136.33 45.28 366.94 249 647.08 161.37 864.78 288.6 2035.66 2925.38 7.15 105.48 308.65 2290.56 153.3
"2012-11-21" 1222.35 732.85 244.45 3079.59 1043.73 1837.45 413.73 728.38 216.95 307.03 2252.54 1803.48 1286.6 596.37 92.57 136.14 45.74 367.63 249.68 653.58 160.71 856.02 288.8 2045.21 2895.43 7.12 105.2 307.44 2281.78 153.41
"2012-11-22" 1224.31 734.34 247.54 3092.09 1056.53 1847.92 414.3 739.49 217.92 308.66 2247.66 1832.79 1289.01 600.23 94.04 136.23 45.95 369.58 255.9 656.36 161.09 858.45 292.7 2049.51 2907.99 7.14 107.66 308.75 2300.31 152.59
"2012-11-23" 1238.05 738.32 249.7 3099.78 1059.98 1852.2 416.12 750.59 219.57 308.66 2275.96 1834.25 1298.66 603.99 94.78 136.71 46.4 372.22 254.25 660.08 162.32 864.78 294 2057.15 2904.61 7.16 108.8 309.38 2316.9 152.98
"2012-11-26" 1223.33 736.33 236.24 3126.71 1055.06 1853.16 412.15 750.11 219.76 306.74 2276.93 1830.35 1282.27 598.3 94.82 136.14 45.1 367.82 253.38 662.86 159.85 858.45 285.1 2057.63 2892.53 7.15 108.99 308.9 2325.68 151.97
"2012-11-27" 1215.47 753.73 239.34 3150.26 1043.73 1850.3 412.05 747.21 219.18 307.99 2279.86 1837.18 1286.6 599.17 94.58 136.71 46.42 370.27 253.47 661.47 161.56 858.45 295.1 2043.78 2877.55 7.19 109.66 312.5 2337.38 151.25
"2012-11-28" 1216.46 768.15 237.87 3152.18 1040.78 1841.25 410.29 752.04 219.57 309.04 2286.69 1835.23 1289.01 601 95.71 137.19 45.94 378.38 255.42 661.93 161.37 863.8 294.6 2050.46 2840.84 7.19 110.23 314.1 2348.11 152.55
"2012-11-29" 1268.49 758.21 240.27 3156.51 1061.46 1876 411.86 744.8 226.15 314.31 2294.5 1829.37 1302.51 609.5 97.57 139.58 46.64 380.92 259.3 669.04 162.32 876.93 299 2059.53 2985.28 7.26 111.27 316.24 2361.77 154.52
"2012-11-30" 1264.56 769.64 241.65 3147.86 1053.58 1867.91 412.39 732.73 226.15 312.2 2323.78 1814.23 1286.6 615.38 96.88 139.2 46.49 381.9 261.15 668.09 162.51 880.34 295.2 2057.15 2988.66 7.29 111.46 316.29 2344.21 155.34
"2012-12-03" 1263.58 766.16 240.08 3158.43 1054.07 1871.24 411 745.28 225.09 314.69 2306.21 1817.16 1296.73 613.64 98.35 139.2 45.74 381.02 258.62 664.3 162.89 873.04 292.6 2057.15 3014.26 7.41 113.17 313.71 2337.38 155.1
"2012-12-04" 1255.73 757.71 239.49 3191.12 1061.46 1857.92 405.41 743.35 224.8 318.72 2283.77 1815.2 1305.4 613.93 99.13 139.39 45.97 381.8 256.78 665.25 162.79 876.45 295.7 2051.42 3024.4 7.47 114.49 317.8 2349.09 153.8
"2012-12-05" 1272.42 747.77 242.04 3151.7 1059 1902.19 406.56 748.17 227.02 318.81 2286.69 1816.67 1302.51 621.56 101.09 139.67 46.28 383.17 259.4 668.09 162.7 874.5 297.2 2055.72 3116.67 7.48 114.97 328.31 2349.09 153.61
"2012-12-06" 1312.67 750.75 246.07 3126.71 1051.61 1916.94 408.57 739.97 228.86 317.66 2271.08 1811.3 1297.21 621.27 100.9 139.39 46.5 388.94 262.6 668.09 164.69 883.26 300.3 2060.97 3127.29 7.24 115.44 330.4 2334.46 155.63
"2012-12-07" 1322.49 749.76 247.1 3137.76 1051.61 1921.7 407.09 735.14 227.7 322.84 2290.6 1835.23 1300.58 621.08 99.72 140.44 46.74 384.84 261.44 669.99 165.54 883.26 299 2065.74 3145.65 7.34 115.54 327.62 2356.89 156.02
"2012-12-10" 1333.29 754.73 245.13 3143.53 1059 1925.03 407.13 737.07 228.48 321.21 2311.09 1843.05 1318.42 618.76 99.43 139.86 46.72 383.47 260.37 669.51 165.54 886.66 297.8 2075.29 3166.42 7.3 115.63 326.85 2350.06 155.73
"2012-12-11" 1327.4 759.7 244.55 3118.53 1048.66 1955.98 408.47 738.04 229.25 323.12 2311.09 1812.76 1322.76 622.23 99.62 140.06 46.47 384.35 262.31 673.78 165.54 882.28 297.7 2081.5 3196.85 7.13 116.01 330.4 2353.97 155.49
"2012-12-12" 1328.38 754.73 248.13 3122.86 1048.66 1968.83 410.91 743.35 227.51 323.32 2318.9 1802.99 1327.1 621.27 100.21 140.82 46.76 385.03 259.2 679.46 166.59 879.85 301.4 2105.37 3198.79 7.17 117.62 331.27 2369.58 155.73
"2012-12-13" 1319.54 746.77 249.6 3116.61 1030.93 1972.64 409.67 734.66 229.93 322.45 2287.67 1793.71 1316.49 620.88 100.51 140.06 46.67 383.56 258.52 679.94 165.92 874.02 300.2 2101.07 3225.35 7.1 118.1 330.2 2359.82 156.64
"2012-12-14" 1330.34 738.82 251.08 3119.98 1025.52 1994.53 407.47 737.56 230.12 321.59 2304.26 1792.24 1315.05 619.15 99.62 138.72 46.72 385.13 257.07 670.94 165.92 856.99 302.3 2098.68 3275.11 7.12 118.19 332.63 2368.6 155.15
"2012-12-17" 1334.27 740.81 252.35 3070.94 1016.16 2022.62 407.99 739.49 229.25 320.63 2289.62 1793.71 1316.49 619.05 99.23 137.76 46.83 382.98 258.43 666.2 165.73 856.02 301.7 2101.55 3352.4 7.03 118.29 332.44 2361.77 152.5
"2012-12-18" 1347.04 752.74 256.53 3053.63 1015.18 2047.37 409.38 735.62 230.9 325.23 2283.77 1787.36 1312.15 617.79 100.51 137.95 47.14 386.69 257.55 669.99 166.11 853.1 305.1 2105.37 3447.08 7.2 118.57 332.29 2364.7 150.62
"2012-12-19" 1341.14 770.64 261.83 2975.75 1007.3 2042.61 412.1 745.28 233.51 326.09 2324.76 1796.15 1305.89 630.15 101.68 139.58 49.2 389.92 257.75 673.78 170.29 865.75 315.4 2100.59 3387.66 7.23 120.28 331.03 2365.67 151
"2012-12-20" 1324.45 778.1 262.08 2990.18 993.02 2045.94 410.96 753 234.77 325.71 2339.4 1805.92 1304.44 627.25 104.82 141.3 49.25 387.48 257.07 665.25 170.29 871.1 317.7 2100.59 3376.55 7.23 120.85 329.42 2360.8 150.18
"2012-12-21" 1325.44 771.63 258.35 3020.94 993.02 2034.04 411.58 747.69 232.25 323.12 2319.88 1765.87 1302.03 626.96 104.42 140.25 48.33 383.27 256.19 667.62 169.06 848.24 315.2 2096.77 3371.72 7.22 120.85 330.59 2343.24 149.99
"2012-12-24" 1310.71 766.16 258.45 2981.52 999.42 2035.95 411.53 748.66 232.65 325.52 2319.88 1785.41 1304.44 631.98 105.01 141.3 48.1 381.9 256 672.83 170.38 851.16 317 2104.41 3390.07 7.24 121.32 329.33 2360.8 150.67
"2012-12-27" 1326.42 764.17 260.51 3002.68 992.04 2053.08 409.38 753.48 233.04 324.75 2308.17 1767.82 1300.58 629.18 104.72 140.72 49.1 379.85 253.76 668.09 169.53 853.1 325 2107.28 3421.47 7.26 120.94 326.89 2336.41 150.43
"2012-12-28" 1315.62 765.67 257.12 2988.73 992.53 2041.66 406.13 742.38 229.51 323.22 2312.07 1760 1297.69 628.51 103.84 139.2 48.69 377.11 255.22 668.09 169.15 841.43 324.7 2097.25 3415.68 7.23 119.81 328.31 2322.75 149.8
"2012-12-31" 1299.91 763.68 257.76 3000.75 996.96 2027.38 405.89 740.45 226.66 319.58 2318.9 1745.84 1287.09 624.26 103.05 139.1 47.92 373.79 255.51 666.2 169.06 841.92 324.5 2076.72 3392.49 7.15 119.24 326.89 2308.12 148.88
