  1316.31
  1317.95
  1320.33
  1323.73
  1324.01
  1318.11
  1317.12
  1308.93
  1306.44
  1311.87
  1314.37
  1316.94
  1318.85
  1318.20
  1316.59
  1317.80
  1319.97
  1322.20
  1319.66
  1321.10
  1320.92
  1322.79
  1322.83
  1322.54
  1323.61
  1324.32
  1329.57
  1327.58
  1326.06
  1326.01
  1324.98
  1326.76
  1324.06
  1328.47
  1330.90
  1333.65
  1334.76
  1331.55
  1333.74
  1331.55
  1332.44
  1337.98
  1342.85
  1343.32
  1338.10
  1336.99
  1335.86
  1336.43
  1337.48
  1336.96
  1337.84
  1336.74
  1330.25
  1329.47
  1328.83
  1328.03
  1329.10
  1329.81
  1331.32
  1331.48
  1333.43
  1333.54
  1332.15
  1328.94
  1330.78
  1333.25
  1331.65
  1335.58
  1336.85
  1337.38
  1333.32
  1335.14
  1338.56
  1339.39
  1337.98
  1335.14
  1337.41
  1336.75
  1369.16
  1366.36
  1367.72
  1367.29
  1366.33
  1365.74
  1367.12
  1369.80
  1372.16
  1375.23
  1371.36
  1371.29
  1374.37
  1373.99
  1374.41
  1377.27
  1375.74
  1378.88
  1381.33
  1380.02
  1383.40
  1384.85
  1383.81
  1382.45
  1381.08
  1383.28
  1383.51
  1382.63
  1383.94
  1384.63
  1384.63
  1382.31
  1378.01
  1376.20
  1374.60
  1376.51
  1370.52
  1369.47
  1372.84
  1375.78
  1373.59
  1376.61
  1378.41
  1377.01
  1378.07
  1375.00
  1372.16
  1373.88
  1374.63
  1375.86
  1375.74
  1375.49
  1374.62
  1377.92
  1378.14
  1382.14
  1383.32
  1382.10
  1381.54
  1379.73
  1380.17
  1381.45
  1381.32
  1379.56
  1378.95
  1380.23
  1380.58
  1381.52
  1381.39
  1382.80
  1381.51
  1378.47
  1379.33
  1378.49
  1380.76
  1380.23
  1382.04
  1381.58
  1369.48
  1372.36
  1374.79
  1370.07
  1371.78
  1375.20
  1377.10
  1375.10
  1376.55
  1375.88
  1383.59
  1384.60
  1385.60
  1385.34
  1384.15
  1385.39
  1383.88
  1383.05
  1381.64
  1377.70
  1376.79
  1375.57
  1377.31
  1376.57
  1378.37
  1375.82
  1373.00
  1375.66
  1379.64
  1380.53
  1381.84
  1383.46
  1384.78
  1384.39
  1388.09
  1390.92
  1389.89
  1389.35
  1391.74
  1396.02
  1390.82
  1393.56
  1394.16
  1392.66
  1391.50
  1390.78
  1388.16
  1381.90
  1381.27
  1382.87
  1383.28
  1384.24
  1385.48
  1385.10
  1383.43
  1385.28
  1385.78
  1387.06
  1387.21
  1388.01
  1385.98
  1387.45
  1382.48
  1384.31
  1385.60
  1382.49
  1378.12
  1380.45
  1380.87
  1379.67
  1380.68
  1384.99
  1386.79
  1385.45
  1383.59
  1384.39
  1384.25
  1383.73
  1406.38
  1403.97
  1405.18
  1406.66
  1403.32
  1405.96
  1405.06
  1409.40
  1411.44
  1415.41
  1414.34
  1413.48
  1417.03
  1416.50
  1415.38
  1417.47
  1415.19
  1416.31
  1417.21
  1416.15
  1415.67
  1413.81
  1414.58
  1415.26
  1415.62
  1414.15
  1411.53
  1413.02
  1409.07
  1404.15
  1403.22
  1398.98
  1393.01
  1391.40
  1394.73
  1394.52
  1394.95
  1395.77
  1395.57
  1402.61
  1401.16
  1400.34
  1404.60
  1404.05
  1405.11
  1402.53
  1399.83
  1396.10
  1397.02
  1398.23
  1399.25
  1397.92
  1395.39
  1399.49
  1401.80
  1400.36
  1399.96
  1399.25
  1397.79
  1400.70
  1402.59
  1403.32
  1404.62
  1404.29
  1404.11
  1401.84
  1402.10
  1403.42
  1401.81
  1398.09
  1397.85
  1397.83
  1399.52
  1400.16
  1400.28
  1403.26
  1401.78
  1404.38
  1413.33
  1414.79
  1414.61
  1417.78
  1420.04
  1422.28
  1420.66
  1418.63
  1419.04
  1416.34
  1417.26
  1414.70
  1415.72
  1416.15
  1417.72
  1417.34
  1417.22
  1416.82
  1417.35
  1416.54
  1413.32
  1414.45
  1408.97
  1408.01
  1409.39
  1409.22
  1411.08
  1409.40
  1411.53
  1411.55
  1411.69
  1409.55
  1409.39
  1408.95
  1409.34
  1413.38
  1410.72
  1412.21
  1413.45
  1409.57
  1407.45
  1410.69
  1408.78
  1413.02
  1410.48
  1411.19
  1409.10
  1413.94
  1414.21
  1412.99
  1412.46
  1411.52
  1411.18
  1410.61
  1410.12
  1412.58
  1412.28
  1412.54
  1411.76
  1410.93
  1411.10
  1412.20
  1412.75
  1412.17
  1416.55
  1417.49
  1417.77
  1416.57
  1416.62
  1417.10
  1418.03
  1415.93
  1418.95
  1418.61
  1417.70
  1419.59
  1420.14
  1419.93
  1432.75
  1429.34
  1431.64
  1422.25
  1421.22
  1421.99
  1420.17
  1421.20
  1424.13
  1422.87
  1424.88
  1423.63
  1423.69
  1422.19
  1423.11
  1424.49
  1423.67
  1424.75
  1426.64
  1425.66
  1426.11
  1421.90
  1422.30
  1423.77
  1423.98
  1423.93
  1424.31
  1424.73
  1424.55
  1420.99
  1417.33
  1413.29
  1412.20
  1412.42
  1414.45
  1413.76
  1416.97
  1418.30
  1415.99
  1411.91
  1411.40
  1413.86
  1417.92
  1420.20
  1418.50
  1417.55
  1414.35
  1416.01
  1415.99
  1414.54
  1413.71
  1414.26
  1413.57
  1416.16
  1416.65
  1417.27
  1419.28
  1423.17
  1423.57
  1426.75
  1424.87
  1423.11
  1422.68
  1422.06
  1420.25
  1421.97
  1423.13
  1423.95
  1422.70
  1418.36
  1418.86
  1420.15
  1416.77
  1421.74
  1421.60
  1422.94
  1425.08
  1424.15
  1423.93
  1422.24
  1411.79
  1409.67
  1405.15
  1405.45
  1404.92
  1403.37
  1402.10
  1398.36
  1400.02
  1404.25
  1404.01
  1403.45
  1404.35
  1399.24
  1400.41
  1401.36
  1402.38
  1401.28
  1402.25
  1401.68
  1400.66
  1400.04
  1397.12
  1398.21
  1400.64
  1399.82
  1396.83
  1395.68
  1396.23
  1396.22
  1394.57
  1394.13
  1395.25
  1395.46
  1395.67
  1395.53
  1393.64
  1397.79
  1396.25
  1399.92
  1397.31
  1392.37
  1390.57
  1391.91
  1391.65
  1393.98
  1395.78
  1393.38
  1393.88
  1394.29
  1398.62
  1398.29
  1399.17
  1404.68
  1403.27
  1405.39
  1404.94
  1404.79
  1404.26
  1403.30
  1402.45
  1401.52
  1400.67
  1399.30
  1399.87
  1401.91
  1399.24
  1398.67
  1398.05
  1400.20
  1401.68
  1402.31
  1402.39
  1404.35
  1405.03
  1408.14
  1412.35
  1408.44
  1413.00
  1413.54
  1416.38
  1415.37
  1412.99
  1414.70
  1412.38
  1414.90
  1416.25
  1415.31
  1415.50
  1416.26
  1420.52
  1424.10
  1422.13
  1421.36
  1422.46
  1422.18
  1422.76
  1421.00
  1419.93
  1421.12
  1421.18
  1422.78
  1423.47
  1422.68
  1421.06
  1421.55
  1423.56
  1422.10
  1424.50
  1423.30
  1422.85
  1421.11
  1423.15
  1422.17
  1422.11
  1402.71
  1400.80
  1398.16
  1401.32
  1399.89
  1401.92
  1397.27
  1391.59
  1394.22
  1393.80
  1393.60
  1394.03
  1394.48
  1393.35
  1394.84
  1393.26
  1392.56
  1394.01
  1392.87
  1392.67
  1392.02
  1387.51
  1388.38
  1389.76
  1387.24
  1386.14
  1387.59
  1389.50
  1387.49
  1389.52
  1390.43
  1393.43
  1392.27
  1393.24
  1391.99
  1389.05
  1390.77
  1387.01
  1389.68
  1372.35
  1373.30
  1382.25
  1374.20
  1375.70
  1385.24
  1381.40
  1378.98
  1378.11
  1378.00
  1374.46
  1372.52
  1373.17
  1375.42
  1375.40
  1377.99
  1378.65
  1379.79
  1377.46
  1377.45
  1379.41
  1378.04
  1379.75
  1381.51
  1379.77
  1381.95
  1382.81
  1383.57
  1384.09
  1381.95
  1380.21
  1378.09
  1378.34
  1376.86
  1379.98
  1379.10
  1376.44
  1379.18
  1378.26
  1358.48
  1361.89
  1363.90
  1364.33
  1361.36
  1361.41
  1360.36
  1360.56
  1361.92
  1363.50
  1362.34
  1361.15
  1357.27
  1357.20
  1356.98
  1357.75
  1356.87
  1354.81
  1353.41
  1348.62
  1350.07
  1351.32
  1350.40
  1350.02
  1350.37
  1348.48
  1346.06
  1348.11
  1351.27
  1351.90
  1354.12
  1352.76
  1351.40
  1351.93
  1354.14
  1357.09
  1358.70
  1362.88
  1370.45
  1382.49
  1380.36
  1382.48
  1382.81
  1381.70
  1374.75
  1375.15
  1374.02
  1375.52
  1372.80
  1374.19
  1373.17
  1371.77
  1372.11
  1371.36
  1372.48
  1373.11
  1373.45
  1373.48
  1373.03
  1372.14
  1375.01
  1374.57
  1374.01
  1374.95
  1375.68
  1375.28
  1371.04
  1371.18
  1372.76
  1373.06
  1372.46
  1372.99
  1377.28
  1375.90
  1371.68
  1371.00
  1372.50
  1374.02
  1385.38
  1384.49
  1388.52
  1389.07
  1392.34
  1391.50
  1389.47
  1388.84
  1390.00
  1387.86
  1390.73
  1391.20
  1391.12
  1390.48
  1391.33
  1394.93
  1392.75
  1392.64
  1392.70
  1393.48
  1394.00
  1394.72
  1394.54
  1394.74
  1394.96
  1397.99
  1397.81
  1396.14
  1396.91
  1398.08
  1395.95
  1403.09
  1404.79
  1404.17
  1406.04
  1406.84
  1412.53
  1414.63
  1419.65
  1413.98
  1416.31
  1415.10
  1419.99
  1417.35
  1413.93
  1413.34
  1412.60
  1415.89
  1415.16
  1411.70
  1415.60
  1414.25
  1413.59
  1412.82
  1413.47
  1416.09
  1416.38
  1415.18
  1413.52
  1413.54
  1415.98
  1417.23
  1422.03
  1415.38
  1416.01
  1418.63
  1415.54
  1416.72
  1422.78
  1418.36
  1418.13
  1419.80
  1419.16
  1420.80
  1419.44
  1420.07
  1421.61
  1419.80
  1435.18
  1429.08
  1425.26
  1423.70
  1422.45
  1417.17
  1419.79
  1422.56
  1421.95
  1420.39
  1424.01
  1425.36
  1422.62
  1423.37
  1422.44
  1423.47
  1424.02
  1423.25
  1427.33
  1425.84
  1431.48
  1429.37
  1427.62
  1427.11
  1425.58
  1426.68
  1426.50
  1427.08
  1427.46
  1432.71
  1428.06
  1427.91
  1428.44
  1422.84
  1421.16
  1422.03
  1420.73
  1419.01
  1417.18
  1423.16
  1422.20
  1423.70
  1420.89
  1418.64
  1416.82
  1415.23
  1416.59
  1417.83
  1416.23
  1416.48
  1416.36
  1414.84
  1414.92
  1417.25
  1418.86
  1417.43
  1417.27
  1415.35
  1414.47
  1415.45
  1415.83
  1416.09
  1415.78
  1415.07
  1413.14
  1412.21
  1414.10
  1415.27
  1417.91
  1419.15
  1415.89
  1415.68
  1418.61
  1420.72
  1420.94
  1419.76
  1420.11
  1414.99
